0.71247516224488
0.7534455532014718
0.7704826564626512
0.7196491363218412
0.578726953989958
0.6767496711818115
0.7320418329375583
0.6398519328210573
0.6455311579415194
0.6319930159388698
0.6261560746617085
0.7778945292810354
0.7855431361115348
0.7405129043573923
0.6402643130546215
0.735132360137307
0.5709469907273828
0.6749665762156647
0.7831600342124999
0.7279102260270813
0.8025062592273755
0.7332741462515242
0.7921221899069982
0.6726391347470462
0.7293996168024587
0.6669246653345114
0.8190916942003359
0.6013691460917165
0.7507230039950528
0.6987074142171136
0.7982972335733908
0.6845311877689423
0.7831624659992449
0.763407665440119
0.6388123011677336
0.7839128853843137
0.6882209340220362
0.69900112175863
0.7510302701945301
0.562583854431377
0.7503880508706838
0.7941789326546134
0.7142711306482767
0.5964887887232476
0.6538354066243722
0.790992942037264
0.6553849473854051
0.8149694168654106
0.7515943101746159
0.7262575243441702
0.5813385744705052
0.753936986604743
0.5008167545440392
0.74942148947369
0.616496529801821
0.6703161210340263
0.6969518321638554
0.8597220440648036
0.7376129545644972
0.7195634797601393
0.7424708705115063
0.6349523809696171
0.6564512237318281
0.6259994329200675
0.7275336091168776
0.63511379630899
0.7219239376097192
0.7362945529795264
0.6686650488733047
0.5710797705099658
0.8367638448773186
0.7551350292232919
0.751150873102999
0.6843957789553012
0.7827806156951935
0.8322066526722925
0.6208432886371078
0.7409445426708078
0.5741992131621974
0.789532317390463
0.8102291176972689
0.7507769072430148
0.8224190951926127
0.7130880725419795
0.6345647504510992
0.730878927078074
0.7078437454031619
0.6969549930189097
0.7092046625475471
0.678482252997242
0.7204997338567686
0.7573557157961789
0.7072327839951563
0.7230792250410508
0.7364980445742312
0.6064721963777521
0.757669167111345
0.6493143795904818
0.674657912819588
0.7503508974993114
0.8144954855207511
0.7099331224760203
0.7065449520178141
0.6618546544336824
0.770648138428757
0.5953865224803558
0.6496746437231141
0.7709471084305946
0.6666517963794614
0.7243168700979558
0.6478351953698487
0.7740124413551973
0.7125128032995237
0.7493347092694567
0.820594455742487
0.7398877964429709
0.659846843315801
0.8193715858437958
0.710589955363257
0.6610876999810485
0.6996232509267842
0.6917446671865103
0.6654552189536114
0.7137305000169832
0.6067131745382425
0.8520448994050948
0.7258954169105698
0.5829394894653592
0.7138953727777889
0.7737764306756806
0.6368390705814125
0.6878455787735844
0.7833962941815387
0.6988240598443479
0.5690625379453298
0.7249520832440906
0.712637356445079
0.6356804089427203
0.7715669603349389
0.683791642631482
0.6234912337420094
0.6958659950963227
0.647599861528356
0.675104290702525
0.8225402566304413
0.6993388460991448
0.5857446294410312
0.7175137184178334
0.657800721399318
0.7261229746328063
0.6842288707837106
0.711920811349912
0.752675075429243
0.730621468391077
0.7532429548164506
0.6792222369473652
0.8193230364412567
0.7033951281397843
0.6389247958257513
0.7078509796665104
0.5512107730617813
0.6213941925060209
0.563947372845361
0.6963893307244553
0.6495293001948808
0.871244960575374
0.7706285587533518
0.5805185444957011
0.6749000457094405
0.7049708165749011
0.8298914904872511
0.7496707821469093
0.7261012549219175
0.6887405108246352
0.7714971806442711
0.5875602510966038
0.551569888775943
0.7574355343903386
0.707792296944197
0.7220037357659397
0.6389556638549571
0.6289463080413923
0.7093121153027353
0.7237964040902142
0.6992143192250265
0.6905768824067132
0.7627266323243073
0.6492693299326309
0.6190265990754311
0.8479388892578036
0.7460041360019031
0.7280128441165875
0.7795927204944045
0.7224289653831913
0.7882065408566428
0.7556285396107263
0.7840480809547522
0.7482810155718644
0.6206873910202785
0.7989369995692713
0.8577573741342238
0.5763745682743391
0.6904663700111616
0.6904017639468133
0.6128887784799021
0.729496771925728
0.6139313014014769
0.7316747905541542
0.6754335635643207
0.5990794249659127
0.9520832605577355
0.6130839068294525
0.7462470006013684
0.6773088364921067
0.7508509994360011
0.7684464009479569
0.7307291141195005
0.7473206806417326
0.7012749467219623
0.7201622293299136
0.9230396439654694
0.675277704320098
0.5306760626116497
0.5815563046668224
0.8067094588543859
0.6432253296457707
0.7707911491293208
0.80872524055953
0.8177491356050804
0.7455073450136261
0.7084966104531528
0.6776966320167683
0.753669831641171
0.7503618848760732
0.6998906542850963
0.7932066062572164
0.6791988004819555
0.8009103197273476
0.6844023301723551
0.6995277831268206
0.8044253932572906
0.673283616961134
0.8097689756222329
0.7464343566585081
0.6080987308822966
0.679687665181077
0.7271959531507882
0.6628700533190932
0.7494466248669102
0.7100127556330164
0.7020710308862157
0.6433173396698086
0.7493927465621705
0.696904194665508
0.7285136119763038
0.754396424895542
0.6110770905759729
0.7947265679097546
0.6209643292076497
0.6613041464721086
0.5443846597923198
0.7558987964784074
0.6723782733410328
0.8641969546829508
0.6137960075241111
0.7490057231115799
0.7059182653426853
0.6797581846828914
0.6312262465080359
0.7068119717659178
0.6749686845870015
0.7324393748701997
0.7379497180628177
0.6823713454581564
0.6193749613971318
0.6040080820835756
0.7125172736286222
0.6137805358062061
0.7009360828929665
0.8323032897046923
0.7203908135557677
0.744832842409336
0.7260191812216321
0.6310868270788441
0.7510599865533094
0.6103339928082272
0.7676322932173094
0.7314221159526372
0.6929083944587615
0.6176019873261163
0.7575107531950809
0.7100982417892828
0.7001576714536211
0.6805931020326681
0.6754021849549119
0.6273978975271189
0.7469219692380664
0.6625092866559736
0.6954801120112927
0.8258148173774198
0.610400464133042
0.7119792749271909
0.7677579504846302
0.6741724012680741
0.6596171741704222
0.6048829273674075
0.6607067107809086
0.8164482609089713
0.6866477978553629
0.6655853481627053
0.7202810606626872
0.8324322034872488
0.7263442679023372
0.6767045876527588
0.6416471970023876
0.6545190174365797
0.7579039833316231
0.6726059048414321
0.6585695959313579
0.6184987635004929
0.6756723939889006
0.617441232527449
0.6030103379811802
0.7607555845693975
0.7553397567107867
0.5646221717311973
0.7090071271946341
0.7387323836593135
0.7327735844138459
0.6641698172519912
0.7285053393035963
0.7636614625774985
0.6366928001973552
0.697229330594856
0.6336691533837858
0.6672300405147412
0.7177983733635339
0.7189327642219433
0.7849979092310507
0.8117075368553337
0.6364825218952838
0.724997979324648
0.7142090316778369
0.741855611567622
0.6653920349085798
0.7070738769663535
0.6799892718309347
0.7285156418829103
0.773009437099836
0.6572789931526336
0.8091200580384622
0.6311297238708183
0.6833217378533568
0.7819384857286343
0.5934059796299421
0.7931051173768305
0.7977397426760294
0.6814126155298023
0.778364637035218
0.8015893914877931
0.8038901616599003
0.9278431098337725
0.6241028555552942
0.7042777651320791
0.7230142297555036
0.5949039986642496
0.6215691266704014
0.7653687122421221
0.5463049962527199
0.7270525765133138
0.6831152315960809
0.826241890224341
0.6934257801880965
0.8177753917740659
0.7099098730338704
0.687960575184655
0.6954384771746729
0.7638051936289879
0.6417047553946389
0.7169965584312087
0.7705443733081612
0.7489840945429078
0.8322527061104124
0.7473056880109337
0.7477378421775309
0.6756665369314787
0.6444104931752502
0.7875598515617879
0.774445582325347
0.8202835092084296
0.6335642147034829
0.5937778134723991
0.7050104753753135
0.6899719965420017
0.8225619420269837
0.7841416382911696
0.757327410776276
0.7000537910847215
0.6532402020246727
0.8267676675976129
0.7566023892669792
0.830581659913076
0.6910671256996961
0.7738614638840456
0.7110167787993336
0.7675218465281939
0.7449497203914672
0.6694298643722837
0.6793024437424211
0.7423001254439969
0.807906368094382
0.5795946538041334
0.7093474222194511
0.6564622866209862
0.6775680888208648
0.713271872387331
0.7226185192561826
0.7491706135514309
0.6705825889301917
0.7752569944126321
0.7235534818726279
0.7570413037496718
0.7427123171818326
0.6428606166649242
0.7400763012980701
0.6663825995566356
0.7433856569922859
0.7181100253685649
0.7407971911862048
0.7327272624384438
0.7501441871555362
0.6781519540625847
0.7463362100326827
0.6536952747958612
0.6196815385272639
0.7389703271546628
0.5566999873677964
0.7902930132194381
0.7456642171786806
0.7680526697291543
0.6671362227949442
0.7838781410284343
0.6894348263800624
0.7690625406259689
0.737266169682698
0.6035924543247118
0.7193137235455102
0.6761671109440954
0.5960270830573559
0.6802955159237266
0.7659717542552869
0.6471168146516261
0.6427717521956001
0.7483063309921985
0.7886099527466967
0.7265825273691684
0.6969036332276947
0.6638948026615418
0.7653610214394507
0.664066174948349
0.8080514328953566
0.6793388048295713
0.6704700062025023
0.714767703595196
0.7320301400228661
0.6861730757558837
0.7713240784050858
0.7849324487104415
0.6323224248266945
0.7604810151755049
0.7136834199415414
0.7312882081519227
0.6929016877632845
0.6791863018904404
0.7154052072046309
0.6803499445015486
0.7084706301865967
0.7783646283118216
0.6889294439792831
0.7465944567563345
0.7314323474131583
0.807927080945785
0.757282005053712
0.7208022040409163
0.6976697590927131
0.7690594597607936
0.6987476357615342
0.8420695387683746
0.5206916941771524
0.70636929710181
0.7069292576152878
0.6776685490976181
0.7528803494561249
0.7098521364301399
0.6077755655165845
0.6322954431776004
0.7529369949165858
0.779554727647667
0.6785646415580504
0.6640273078049038
0.5767619529217087
0.62885100547259
0.5974618289891138
0.7308184686476855
0.6102712289679972
0.7962955961383071
0.5992817061932344
0.6367954767517933
0.5756448759001611
0.6675092343075298
0.7725303866520413
0.774553802579902
0.7027278953336565
0.6867269055023524
0.7540329230229672
0.7050177107552964
0.7309154205873438
0.6315472183427115
0.7400119477925841
0.6922064611445284
0.8328847282638798
0.6318274179312346
0.7229204885576169
0.6919133545958528
0.80677670116657
0.69679334749349
0.5892252605128011
0.8249564153750668
0.6343492540931621
0.6513534453414654
0.7386094883304946
0.7342716500311401
0.6892621103631005
0.9019531950511736
0.7289054103579906
0.610248203420914
0.7279428460945839
0.7923458723728036
0.5907294801392562
0.6622430192037153
0.5565903949453032
0.714574861691149
0.6463797585608391
0.60791118065807
0.7659395710589315
0.6546723656498832
0.744114677464439
0.6319217950184446
0.7793819533163785
0.6903298363981849
0.5808239951669546
0.7910654865531416
0.722915381666232
0.6458388211082889
0.7487668624536442
0.6626480064092352
0.6478015695349544
0.636017485285379
0.7201153418173956
0.743752691425742
0.744718773585617
0.7175279511665392
0.8078627515909068
0.5822621730061178
0.681655517290699
0.7895675607078341
0.6619835149069113
0.7776918628565566
0.6265240295359575
0.7300553102165058
0.661803921811323
0.7324897900752939
0.8235246722333649
0.7671906308091245
0.5496098128065087
0.794556242083976
0.6789770422079588
0.7774091367755556
0.7378876408698288
0.5773116164918553
0.6648603099763829
0.8369524907512492
0.7533653047692987
0.7853843819581868
0.7485151070481638
0.7804902495501826
0.729846152086974
0.8006003325571719
0.8359030732814088
0.6543416453900739
0.6420937062819715
0.6140879532429475
0.6427970792442542
0.809801018631405
0.7240373398545097
0.6928959766751438
0.6742859785935362
0.688245541687294
0.7341308286082844
0.7478926703682559
0.7571894517983356
0.8006597486654364
0.6500835850759102
0.7135988536144037
0.65439574943858
0.6896123805754306
0.6273012062595744
0.6546091114744308
0.702519090158433
0.7905594739313062
0.7821738258570845
0.6420829705411704
0.652460056511714
0.805311672888962
0.8098432327404678
0.7800912923460455
0.6956754123486752
0.6974741776387575
0.6047194230852221
0.6772786685489806
0.656871860180513
0.5857617867939865
0.6268758935684648
0.7332573698216758
0.7154343697119805
0.6689102896996553
0.6190008084872356
0.7365076928873439
0.7944776068772911
0.7460308798587604
0.7547882749692161
0.7218017940285247
0.8600453053654976
0.7183637790461106
0.693782660740854
0.834518441449461
0.7167161971180703
0.6477468689947671
0.6614442959105484
0.6454350267620226
0.7290346372382706
0.7827738000116462
0.6706298972804414
0.6907369758932876
0.604996763457887
0.7356419914891904
0.6630816941492349
0.6283264502473451
0.8031290516761384
0.6511676494646964
0.6356100501481593
0.6679780310211462
0.7405222374609165
0.7796072558909773
0.7844882877578858
0.601147183274557
0.6944134372929779
0.7092649528185314
0.7050013577482935
0.590427522932298
0.8863917446712812
0.7199228037586047
0.7881010633940875
0.739833625731242
0.7747042609499727
0.6389662911189812
0.771585009838174
0.8203831298273867
0.7158511566424481
0.6563545395027939
0.6868730780947778
0.7207506220033951
0.7016779765540729
0.6852250717183037
0.713922428166005
0.7176195344287474
0.764346149016807
0.6301814858767321
0.6892097601727949
0.7847680186056947
0.5643403495682855
0.6847418958397985
0.6535335756869861
0.7445423906966698
0.7512625350578466
0.6304476639758976
0.6856072973814431
0.8227685162313628
0.6388987558768714
0.7364390235743083
0.6680080411389975
0.6239200272788346
0.8163642273378202
0.6413673724828167
0.815565666475053
0.7217897998706667
0.8304796097656632
0.7929259339210931
0.6581257028193843
0.7712906017312469
0.5986417274926858
0.6938500008807319
0.7757968249415024
0.6203474707305924
0.6996911884763464
0.7313436031848828
0.6823751055216759
0.7251524407179781
0.6989023926321575
0.5534896095053523
0.7386511657867372
0.6415951657595221
0.5509837718822634
0.6996228994857316
0.6974403545172596
0.7498636938176425
0.7740051504932695
0.588941303839519
0.700079897138375
0.6102556337480753
0.6368259242019132
0.6853924371780965
0.7880617341652831
0.8012366578036197
0.6483074674203784
0.7226179978986196
0.7594367877995385
0.6686382917259749
0.749067338879278
0.6888545250897121
0.6962496943277594
0.686558704022766
0.8367854809583465
0.5894648985013712
0.7452161851368613
0.828749496206769
0.8113759752567935
0.7067638500180503
0.6506135775631059
0.7474137504596805
0.7032273207597183
0.7371254812115638
0.6216381577691367
0.6332705978052674
0.6485052510641901
0.8038382617482647
0.726488406118606
0.5858691691146115
0.6855459976119955
0.6841058331590417
0.731309750509951
0.6867430549086803
0.6556566058072845
0.8048322540219507
0.7557167154183576
0.7464906952860939
0.6998887918429257
0.6224930114416041
0.6834160800655484
0.7811789766063038
0.5849327157674147
0.6269607968832935
0.6712437825726518
0.6371560150320776
0.7449073245358518
0.6410138295063197
0.7695605033037713
0.5724891215808794
0.7066611181427186
0.6741643731934289
0.738380258321247
0.657890201313374
0.7038588707470423
0.6622718875968632
0.6025487667659809
0.8076362904407723
0.6770601825343332
0.5632535098020759
0.7131191704268648
0.9122958549983069
0.725673973590669
0.7116420175980446
0.6175631179592138
0.7263253914669473
0.7570265082050721
0.7265104613815918
0.815125908539092
0.6550616383731636
0.6550190808293146
0.6950992318324402
0.7604126528180569
0.747039031568978
0.6710867193839286
0.6777920278319794
0.6460107515532797
0.574751028254531
0.7842704198421369
0.7404961303701543
0.6482092548945861
0.762421221496038
0.7014886122008026
0.624906807988053
0.6641338497101601
0.6738414730105616
0.6695926539599987
0.7217999834390618
0.6234552721667412
0.6162192541862669
0.6789482161470541
0.6438268831568718
0.7583881238182479
0.7390081639541101
0.6378543849397084
0.6430724018070234
0.671698385965195
0.7132023426683357
0.7125397319438518
0.6775944150870995
0.6633724676970009
0.7035337627047377
0.7349245424593978
0.6826601685781006
0.82139337062535
0.6608613247318332
0.7262887393982227
0.6176549210312875
0.5538865979046805
0.7463638611469591
0.757944731983606
0.7699368658529917
0.5460901741281182
0.5692468163110681
0.7923162381603202
0.6801464267927145
0.7703025021063806
0.7810657243685009
0.6608017322341809
0.6554947833667146
0.7297879303712459
0.6957203213469336
0.7215935900075662
0.8363673584439174
0.6698858479880876
0.5924033423068291
0.609892324571396
0.5656923636955884
0.7814339526743913
0.7469837634419146
0.7337731528893519
0.7636673959064999
0.8040589968805633
0.8381628660361068
0.6627873969522081
0.7272101094438984
0.7714114898673197
0.6703916515857619
0.7604436651971114
0.7573867195733915
0.5782216312279211
0.6226998074969564
0.7941158720949032
0.7614460007661638
0.6619737879605496
0.7174821866881466
0.5836030771197044
0.6439973359308436
0.7540215539646629
0.78571200592283
0.7254241846196225
0.6521168158794565
0.740644122763997
0.7311758582906907
0.6330178957289674
0.6524351126980296
0.6698203377252171
0.8176539509646584
0.637939344485477
0.7073961165649316
0.7166405422967458
0.7112715410714472
0.7294217682959484
0.638121786871704
0.5869076961184936
0.849043793699516
0.6238570738258494
0.6551247349996354
0.6651889117937334
0.6413416862819273
0.5764564086515533
0.6205780465617047
0.6250512313707234
0.8120034890012782
0.8120625411550595
0.8219528017429146
0.730206673359769
0.6603309677634932
0.7938066709326612
0.6192577398673912
0.6703110997896581
0.7461554292555321
0.7407082312790861
0.725570503666043
0.6472715268333283
0.7008047270819006
0.808910334278768
0.8090985337216451
0.7323610729954996
0.5606082949371759
0.7062215423507329
0.7570242409050821
0.7632655865746432
0.6707922560917904
0.6990296850599427
0.7929927134500192
0.6634021970195324
0.6498724025525253
0.7513194798088827
0.5861523701380411
0.7070097902158182
0.714496746291906
0.7541757080288749
0.7378836225623489
0.6816730862631377
0.6578368948699315
0.6999740286426381
0.7243044107042639
0.7160339930375055
0.6987237741177577
0.7367254942186858
0.7028149660373461
0.6746406221014261
0.695522108708622
0.6421106299141683
0.7999464063716547
0.676950917509971
0.8436310817229288
0.6612641573408055
0.8076421838558921
0.6385420761300102
0.7712930342603522
0.7577366995579731
0.7010962091609173
0.7643734809823459
0.7278846645653348
0.6476775921185652
0.7802328952253931
0.7111891185588028
0.8223532828667571
0.8449481521517791
0.8428233731840982
0.761529319892231
0.7765159930187521
0.6929012726833214
0.7284175035349728
0.6021452984831505
0.698608570927354
0.7113001149037766
0.7460695259517945
0.7197941346213481
0.7980525433138212
0.6174508822249217
0.6746283622700185
0.6752914369881355
0.7123619357439432
0.6282437407509366
0.8272169062849953
0.6680352786771253
0.6810689486059258
0.7220022322276319
0.6369708576876641
0.6266967060644202
0.7946987745706887
0.6246705594214076
0.7188293916118578
0.8143071418644122
0.8453552285349029
0.7823400966505906
0.7499185428568976
0.6740223366088758
0.7849323673088903
0.6944037858172079
0.6038495005860833
0.6876529070466519
0.6165196470131085
0.6664263275785128
0.7348854322920978
0.6446553653047224
0.7766245017932787
0.6189624121494853
0.7143223744106371
0.8397923367612113
0.6470441337526892
0.7044770394003551
0.7702834110655018
0.7978670706325987
0.7038296088979805
0.6032448232806874
0.808505514790649
0.7190223906205498
0.6643837922015962
